#Version : 80
#Timestamp : 2019-03-13T12:06:43
# Number of Tier-1 ISPs : 15
# Number of Tier-X ISPs : 150
# Number of Stub ASes : 866
# Number of PoPs : 1500



 Tier 1 Connection statistics

Tier-1	#PeerCon	#ProvCon	#CustCon
1		14		198		0
2		14		165		0
3		14		102		0
4		14		132		0
5		14		134		0
6		14		196		0
7		14		135		0
8		14		157		0
9		14		121		0
10		14		151		0
11		14		112		0
12		14		155		0
13		14		273		0
14		14		143		0
15		14		299		0
SUM		210		2473		0


 Tier X Connection statistics

Tier-X	#PeerCon	#ProvCon	#CustCon
16		8		92		17
17		9		77		22
18		2		26		26
19		7		35		32
20		9		81		18
21		3		32		30
22		0		14		34
23		9		92		18
24		2		24		16
25		6		48		23
26		4		36		31
27		6		32		17
28		9		69		9
29		7		84		11
30		8		34		34
31		5		28		29
32		4		25		28
33		1		12		18
34		12		68		15
35		10		72		22
36		2		12		29
37		3		32		34
38		6		57		23
39		12		26		47
40		10		44		22
41		10		36		26
42		5		33		39
43		2		63		10
44		6		47		16
45		4		14		32
46		5		57		23
47		3		23		27
48		0		25		50
49		7		62		27
50		6		44		33
51		4		68		7
52		8		44		20
53		5		49		11
54		4		44		16
55		5		39		19
56		5		32		38
57		6		85		13
58		4		31		15
59		2		24		14
60		2		14		66
61		1		5		71
62		8		25		28
63		5		32		29
64		7		97		13
65		2		8		37
66		2		22		24
67		10		33		30
68		7		32		42
69		5		62		4
70		9		67		11
71		6		25		48
72		7		27		27
73		12		62		6
74		3		58		14
75		9		55		25
76		15		71		14
77		10		69		13
78		3		33		26
79		9		59		10
80		2		18		30
81		4		15		36
82		7		40		26
83		6		36		25
84		3		41		21
85		4		43		18
86		9		38		20
87		6		19		45
88		7		52		28
89		4		32		16
90		8		10		54
91		3		16		24
92		2		19		19
93		5		45		24
94		8		54		13
95		3		32		25
96		1		18		18
97		8		61		15
98		9		32		18
99		9		57		13
100		9		39		16
101		7		18		24
102		1		21		27
103		7		19		35
104		9		48		17
105		10		56		13
106		5		32		24
107		6		14		23
108		8		37		14
109		5		43		21
110		5		37		19
111		5		17		26
112		5		6		50
113		8		29		49
114		3		36		11
115		5		5		43
116		4		16		63
117		10		33		25
118		5		63		6
119		4		66		4
120		8		25		32
121		4		7		62
122		6		34		10
123		7		31		21
124		0		13		9
125		2		3		40
126		7		28		40
127		6		14		29
128		8		26		19
129		4		42		10
130		8		45		22
131		2		1		41
132		5		42		19
133		6		40		24
134		4		27		22
135		6		31		15
136		10		32		36
137		6		26		9
138		5		22		31
139		9		27		32
140		10		37		16
141		3		21		24
142		2		15		17
143		5		13		40
144		5		29		24
145		4		3		55
146		9		58		11
147		6		39		19
148		13		39		24
149		5		32		12
150		4		7		39
151		6		20		29
152		2		49		3
153		4		23		28
154		8		15		40
155		7		50		12
156		9		21		31
157		4		14		36
158		5		10		45
159		3		28		11
160		1		7		25
161		7		25		15
162		10		16		60
163		8		14		19
164		2		2		31
165		5		30		16
SUM		866		5274		3782


 Stub Connection statistics

Stub	#PeerCon	#ProvCon	#CustCon
166		0		0		5
167		0		0		5
168		0		0		2
169		0		0		5
170		0		0		3
171		0		0		5
172		0		0		5
173		0		0		5
174		0		0		5
175		0		0		5
176		0		0		5
177		0		0		5
178		0		0		3
179		0		0		5
180		0		0		4
181		0		0		5
182		0		0		5
183		0		0		5
184		0		0		5
185		0		0		3
186		0		0		5
187		0		0		5
188		0		0		3
189		0		0		5
190		0		0		5
191		0		0		5
192		0		0		5
193		0		0		5
194		0		0		4
195		0		0		5
196		0		0		5
197		0		0		5
198		0		0		2
199		0		0		5
200		0		0		5
201		0		0		5
202		0		0		5
203		0		0		5
204		0		0		5
205		0		0		5
206		0		0		3
207		0		0		5
208		0		0		5
209		0		0		5
210		0		0		5
211		0		0		5
212		0		0		4
213		0		0		4
214		0		0		5
215		0		0		2
216		0		0		2
217		0		0		5
218		0		0		5
219		0		0		5
220		0		0		5
221		0		0		2
222		0		0		5
223		0		0		5
224		0		0		5
225		0		0		3
226		0		0		4
227		0		0		5
228		0		0		5
229		0		0		2
230		0		0		4
231		0		0		4
232		0		0		4
233		0		0		5
234		0		0		5
235		0		0		5
236		0		0		5
237		0		0		4
238		0		0		5
239		0		0		5
240		0		0		5
241		0		0		5
242		0		0		5
243		0		0		5
244		0		0		5
245		0		0		5
246		0		0		5
247		0		0		5
248		0		0		4
249		0		0		5
250		0		0		5
251		0		0		5
252		0		0		5
253		0		0		5
254		0		0		5
255		0		0		5
256		0		0		4
257		0		0		3
258		0		0		5
259		0		0		5
260		0		0		5
261		0		0		5
262		0		0		5
263		0		0		5
264		0		0		5
265		0		0		5
266		0		0		5
267		0		0		5
268		0		0		5
269		0		0		3
270		0		0		5
271		0		0		5
272		0		0		5
273		0		0		4
274		0		0		5
275		0		0		5
276		0		0		5
277		0		0		4
278		0		0		5
279		0		0		5
280		0		0		5
281		0		0		5
282		0		0		5
283		0		0		5
284		0		0		5
285		0		0		5
286		0		0		5
287		0		0		5
288		0		0		5
289		0		0		5
290		0		0		2
291		0		0		5
292		0		0		5
293		0		0		5
294		0		0		5
295		0		0		5
296		0		0		5
297		0		0		5
298		0		0		5
299		0		0		3
300		0		0		5
301		0		0		4
302		0		0		5
303		0		0		5
304		0		0		5
305		0		0		5
306		0		0		5
307		0		0		3
308		0		0		5
309		0		0		5
310		0		0		3
311		0		0		4
312		0		0		2
313		0		0		5
314		0		0		4
315		0		0		5
316		0		0		3
317		0		0		5
318		0		0		5
319		0		0		5
320		0		0		5
321		0		0		5
322		0		0		5
323		0		0		5
324		0		0		5
325		0		0		5
326		0		0		5
327		0		0		5
328		0		0		5
329		0		0		3
330		0		0		5
331		0		0		5
332		0		0		2
333		0		0		5
334		0		0		5
335		0		0		3
336		0		0		4
337		0		0		3
338		0		0		5
339		0		0		5
340		0		0		5
341		0		0		5
342		0		0		5
343		0		0		5
344		0		0		5
345		0		0		3
346		0		0		5
347		0		0		5
348		0		0		5
349		0		0		5
350		0		0		2
351		0		0		4
352		0		0		5
353		0		0		2
354		0		0		3
355		0		0		3
356		0		0		2
357		0		0		5
358		0		0		5
359		0		0		5
360		0		0		5
361		0		0		5
362		0		0		5
363		0		0		5
364		0		0		3
365		0		0		5
366		0		0		5
367		0		0		5
368		0		0		5
369		0		0		5
370		0		0		5
371		0		0		5
372		0		0		5
373		0		0		5
374		0		0		3
375		0		0		4
376		0		0		5
377		0		0		5
378		0		0		5
379		0		0		5
380		0		0		5
381		0		0		5
382		0		0		5
383		0		0		3
384		0		0		5
385		0		0		5
386		0		0		5
387		0		0		4
388		0		0		5
389		0		0		5
390		0		0		5
391		0		0		5
392		0		0		5
393		0		0		5
394		0		0		5
395		0		0		5
396		0		0		5
397		0		0		3
398		0		0		3
399		0		0		5
400		0		0		5
401		0		0		5
402		0		0		5
403		0		0		5
404		0		0		5
405		0		0		5
406		0		0		5
407		0		0		5
408		0		0		5
409		0		0		3
410		0		0		5
411		0		0		5
412		0		0		5
413		0		0		3
414		0		0		5
415		0		0		4
416		0		0		5
417		0		0		3
418		0		0		2
419		0		0		4
420		0		0		2
421		0		0		5
422		0		0		5
423		0		0		5
424		0		0		5
425		0		0		5
426		0		0		5
427		0		0		5
428		0		0		4
429		0		0		5
430		0		0		5
431		0		0		5
432		0		0		5
433		0		0		4
434		0		0		3
435		0		0		4
436		0		0		5
437		0		0		5
438		0		0		3
439		0		0		5
440		0		0		5
441		0		0		5
442		0		0		3
443		0		0		5
444		0		0		5
445		0		0		5
446		0		0		5
447		0		0		5
448		0		0		5
449		0		0		5
450		0		0		5
451		0		0		5
452		0		0		5
453		0		0		5
454		0		0		4
455		0		0		3
456		0		0		3
457		0		0		5
458		0		0		5
459		0		0		5
460		0		0		5
461		0		0		5
462		0		0		5
463		0		0		5
464		0		0		5
465		0		0		5
466		0		0		5
467		0		0		5
468		0		0		5
469		0		0		4
470		0		0		5
471		0		0		5
472		0		0		5
473		0		0		5
474		0		0		5
475		0		0		4
476		0		0		3
477		0		0		5
478		0		0		5
479		0		0		5
480		0		0		5
481		0		0		5
482		0		0		5
483		0		0		2
484		0		0		5
485		0		0		5
486		0		0		2
487		0		0		5
488		0		0		5
489		0		0		4
490		0		0		5
491		0		0		5
492		0		0		5
493		0		0		3
494		0		0		5
495		0		0		5
496		0		0		5
497		0		0		5
498		0		0		5
499		0		0		5
500		0		0		5
501		0		0		5
502		0		0		4
503		0		0		5
504		0		0		5
505		0		0		5
506		0		0		5
507		0		0		5
508		0		0		5
509		0		0		5
510		0		0		5
511		0		0		5
512		0		0		5
513		0		0		5
514		0		0		3
515		0		0		4
516		0		0		5
517		0		0		5
518		0		0		5
519		0		0		2
520		0		0		5
521		0		0		3
522		0		0		5
523		0		0		3
524		0		0		5
525		0		0		4
526		0		0		5
527		0		0		5
528		0		0		5
529		0		0		5
530		0		0		5
531		0		0		5
532		0		0		5
533		0		0		5
534		0		0		5
535		0		0		5
536		0		0		5
537		0		0		5
538		0		0		5
539		0		0		5
540		0		0		5
541		0		0		5
542		0		0		5
543		0		0		5
544		0		0		3
545		0		0		5
546		0		0		5
547		0		0		5
548		0		0		5
549		0		0		5
550		0		0		5
551		0		0		5
552		0		0		5
553		0		0		5
554		0		0		5
555		0		0		5
556		0		0		5
557		0		0		5
558		0		0		5
559		0		0		3
560		0		0		5
561		0		0		5
562		0		0		4
563		0		0		5
564		0		0		5
565		0		0		5
566		0		0		5
567		0		0		4
568		0		0		5
569		0		0		5
570		0		0		5
571		0		0		5
572		0		0		5
573		0		0		4
574		0		0		3
575		0		0		5
576		0		0		5
577		0		0		5
578		0		0		5
579		0		0		5
580		0		0		5
581		0		0		5
582		0		0		3
583		0		0		5
584		0		0		5
585		0		0		5
586		0		0		4
587		0		0		5
588		0		0		5
589		0		0		5
590		0		0		5
591		0		0		5
592		0		0		5
593		0		0		5
594		0		0		5
595		0		0		2
596		0		0		4
597		0		0		5
598		0		0		5
599		0		0		4
600		0		0		5
601		0		0		5
602		0		0		5
603		0		0		5
604		0		0		5
605		0		0		5
606		0		0		5
607		0		0		3
608		0		0		5
609		0		0		5
610		0		0		5
611		0		0		2
612		0		0		5
613		0		0		5
614		0		0		5
615		0		0		3
616		0		0		5
617		0		0		5
618		0		0		5
619		0		0		5
620		0		0		5
621		0		0		5
622		0		0		5
623		0		0		5
624		0		0		5
625		0		0		2
626		0		0		5
627		0		0		5
628		0		0		5
629		0		0		5
630		0		0		5
631		0		0		5
632		0		0		5
633		0		0		5
634		0		0		5
635		0		0		3
636		0		0		5
637		0		0		5
638		0		0		4
639		0		0		5
640		0		0		5
641		0		0		5
642		0		0		5
643		0		0		5
644		0		0		4
645		0		0		5
646		0		0		3
647		0		0		5
648		0		0		3
649		0		0		5
650		0		0		4
651		0		0		4
652		0		0		5
653		0		0		5
654		0		0		5
655		0		0		5
656		0		0		2
657		0		0		5
658		0		0		5
659		0		0		5
660		0		0		5
661		0		0		4
662		0		0		5
663		0		0		5
664		0		0		2
665		0		0		5
666		0		0		5
667		0		0		3
668		0		0		5
669		0		0		5
670		0		0		5
671		0		0		5
672		0		0		5
673		0		0		5
674		0		0		4
675		0		0		5
676		0		0		5
677		0		0		3
678		0		0		5
679		0		0		4
680		0		0		5
681		0		0		5
682		0		0		5
683		0		0		5
684		0		0		5
685		0		0		5
686		0		0		5
687		0		0		4
688		0		0		4
689		0		0		5
690		0		0		5
691		0		0		5
692		0		0		4
693		0		0		5
694		0		0		5
695		0		0		5
696		0		0		4
697		0		0		5
698		0		0		5
699		0		0		5
700		0		0		5
701		0		0		5
702		0		0		5
703		0		0		5
704		0		0		3
705		0		0		5
706		0		0		5
707		0		0		5
708		0		0		5
709		0		0		5
710		0		0		2
711		0		0		5
712		0		0		2
713		0		0		5
714		0		0		5
715		0		0		4
716		0		0		4
717		0		0		5
718		0		0		5
719		0		0		5
720		0		0		5
721		0		0		5
722		0		0		5
723		0		0		5
724		0		0		5
725		0		0		5
726		0		0		5
727		0		0		3
728		0		0		5
729		0		0		5
730		0		0		3
731		0		0		5
732		0		0		5
733		0		0		5
734		0		0		5
735		0		0		5
736		0		0		2
737		0		0		5
738		0		0		5
739		0		0		4
740		0		0		5
741		0		0		5
742		0		0		5
743		0		0		5
744		0		0		3
745		0		0		5
746		0		0		5
747		0		0		5
748		0		0		5
749		0		0		3
750		0		0		4
751		0		0		5
752		0		0		5
753		0		0		5
754		0		0		5
755		0		0		3
756		0		0		5
757		0		0		5
758		0		0		4
759		0		0		5
760		0		0		5
761		0		0		3
762		0		0		5
763		0		0		3
764		0		0		5
765		0		0		5
766		0		0		5
767		0		0		5
768		0		0		5
769		0		0		5
770		0		0		4
771		0		0		5
772		0		0		2
773		0		0		5
774		0		0		5
775		0		0		5
776		0		0		4
777		0		0		5
778		0		0		4
779		0		0		5
780		0		0		5
781		0		0		5
782		0		0		5
783		0		0		5
784		0		0		5
785		0		0		4
786		0		0		3
787		0		0		5
788		0		0		4
789		0		0		3
790		0		0		5
791		0		0		5
792		0		0		5
793		0		0		5
794		0		0		5
795		0		0		5
796		0		0		5
797		0		0		5
798		0		0		5
799		0		0		2
800		0		0		5
801		0		0		5
802		0		0		5
803		0		0		5
804		0		0		5
805		0		0		4
806		0		0		5
807		0		0		5
808		0		0		3
809		0		0		5
810		0		0		5
811		0		0		5
812		0		0		4
813		0		0		4
814		0		0		5
815		0		0		5
816		0		0		5
817		0		0		5
818		0		0		5
819		0		0		5
820		0		0		3
821		0		0		5
822		0		0		5
823		0		0		5
824		0		0		2
825		0		0		5
826		0		0		5
827		0		0		5
828		0		0		5
829		0		0		5
830		0		0		4
831		0		0		4
832		0		0		4
833		0		0		5
834		0		0		5
835		0		0		5
836		0		0		5
837		0		0		5
838		0		0		5
839		0		0		5
840		0		0		5
841		0		0		4
842		0		0		4
843		0		0		4
844		0		0		5
845		0		0		5
846		0		0		5
847		0		0		5
848		0		0		2
849		0		0		5
850		0		0		5
851		0		0		4
852		0		0		4
853		0		0		4
854		0		0		5
855		0		0		5
856		0		0		5
857		0		0		5
858		0		0		5
859		0		0		2
860		0		0		5
861		0		0		5
862		0		0		5
863		0		0		5
864		0		0		5
865		0		0		4
866		0		0		5
867		0		0		5
868		0		0		5
869		0		0		2
870		0		0		5
871		0		0		5
872		0		0		2
873		0		0		5
874		0		0		2
875		0		0		5
876		0		0		3
877		0		0		5
878		0		0		2
879		0		0		3
880		0		0		2
881		0		0		5
882		0		0		5
883		0		0		5
884		0		0		5
885		0		0		5
886		0		0		5
887		0		0		5
888		0		0		5
889		0		0		5
890		0		0		5
891		0		0		5
892		0		0		2
893		0		0		5
894		0		0		5
895		0		0		5
896		0		0		5
897		0		0		5
898		0		0		4
899		0		0		5
900		0		0		5
901		0		0		5
902		0		0		5
903		0		0		5
904		0		0		3
905		0		0		4
906		0		0		5
907		0		0		5
908		0		0		4
909		0		0		5
910		0		0		5
911		0		0		5
912		0		0		5
913		0		0		4
914		0		0		5
915		0		0		5
916		0		0		3
917		0		0		5
918		0		0		5
919		0		0		5
920		0		0		5
921		0		0		2
922		0		0		5
923		0		0		3
924		0		0		3
925		0		0		5
926		0		0		4
927		0		0		5
928		0		0		5
929		0		0		5
930		0		0		5
931		0		0		5
932		0		0		4
933		0		0		5
934		0		0		5
935		0		0		4
936		0		0		5
937		0		0		4
938		0		0		5
939		0		0		5
940		0		0		5
941		0		0		5
942		0		0		5
943		0		0		5
944		0		0		3
945		0		0		5
946		0		0		5
947		0		0		2
948		0		0		4
949		0		0		3
950		0		0		5
951		0		0		4
952		0		0		4
953		0		0		2
954		0		0		5
955		0		0		5
956		0		0		5
957		0		0		3
958		0		0		4
959		0		0		5
960		0		0		5
961		0		0		4
962		0		0		5
963		0		0		3
964		0		0		5
965		0		0		3
966		0		0		5
967		0		0		5
968		0		0		5
969		0		0		5
970		0		0		5
971		0		0		5
972		0		0		5
973		0		0		4
974		0		0		5
975		0		0		5
976		0		0		5
977		0		0		5
978		0		0		5
979		0		0		5
980		0		0		5
981		0		0		5
982		0		0		5
983		0		0		5
984		0		0		5
985		0		0		5
986		0		0		5
987		0		0		2
988		0		0		4
989		0		0		3
990		0		0		5
991		0		0		2
992		0		0		4
993		0		0		5
994		0		0		5
995		0		0		5
996		0		0		5
997		0		0		5
998		0		0		4
999		0		0		3
1000		0		0		5
1001		0		0		5
1002		0		0		5
1003		0		0		5
1004		0		0		5
1005		0		0		5
1006		0		0		5
1007		0		0		4
1008		0		0		4
1009		0		0		5
1010		0		0		5
1011		0		0		5
1012		0		0		5
1013		0		0		5
1014		0		0		5
1015		0		0		5
1016		0		0		4
1017		0		0		5
1018		0		0		5
1019		0		0		5
1020		0		0		4
1021		0		0		4
1022		0		0		5
1023		0		0		5
1024		0		0		5
1025		0		0		5
1026		0		0		4
1027		0		0		5
1028		0		0		5
1029		0		0		5
1030		0		0		5
1031		0		0		2
SUM		0		0		3965
