#Version : 80
#Timestamp : 2019-03-13T12:06:43
# Number of Tier-1 ISPs : 15
# Number of Tier-X ISPs : 150
# Number of Stub ISPs : 866
# Total Number of PoPs (Normal and IXP) : 1500
# Number of IXP PoPs 609


PoPs per Tier-X (out of 1500)
[151 113 75 76 147 81 34 150 62 109 88 71 134 160 87 94 77 41 141 130 50 74 131 84 105 82 82 128 94 63 134 79 68 125 118 136 116 118 114 118 96 157 92 73 45 28 64 93 161 51 60 87 93 141 159 88 65 139 121 135 142 156 98 135 57 80 116 116 98 110 119 95 110 109 81 78 53 134 158 116 56 153 89 155 85 59 64 97 133 134 131 83 89 144 114 58 52 102 109 81 75 104 145 149 96 59 89 71 35 43 107 88 112 128 125 52 146 138 91 128 110 88 74 109 137 109 70 88 133 44 142 115 140 87 63 100 145 102 100 147 112 79 83 81 27 124 68 63 48 94]

Tier-Xs per PoP (out of 150)
[9 10 9 4 9 6 9 10 12 12 13 11 10 16 10 13 7 10 7 12 13 16 5 7 8 7 9 14 10 4 6 8 14 7 12 9 9 10 12 10 7 5 14 12 11 15 9 5 9 8 7 9 13 10 11 9 12 5 11 5 8 11 11 9 9 14 9 13 12 12 12 7 14 11 8 10 11 10 9 9 5 14 7 13 15 15 4 12 10 10 12 9 13 11 10 10 13 10 8 8 12 10 10 6 10 5 9 7 11 6 8 12 5 12 14 12 11 13 5 8 17 5 10 7 8 12 10 12 11 8 6 10 10 7 7 8 10 14 12 9 8 7 7 5 15 4 10 8 13 5 5 11 8 15 6 13 7 8 8 13 12 12 10 17 12 8 12 8 9 10 9 6 8 7 12 9 16 12 9 9 11 6 11 6 8 10 10 9 7 12 8 7 9 12 9 8 8 5 9 16 11 5 6 13 9 16 16 14 9 11 14 17 13 10 9 9 7 6 16 12 11 10 9 11 17 9 4 12 2 9 4 8 9 9 10 9 13 11 10 9 9 13 4 8 14 13 16 10 8 9 8 8 8 5 12 10 9 7 16 10 13 8 10 9 11 8 7 19 7 14 15 13 12 16 12 13 7 9 9 6 16 11 10 5 12 10 10 7 10 16 9 7 8 7 4 15 10 7 12 10 8 7 12 6 12 15 9 13 10 10 5 6 9 8 9 12 16 17 14 13 8 8 12 11 12 11 12 7 12 14 5 8 5 3 11 11 17 7 13 11 9 6 8 9 8 5 12 15 12 9 7 14 13 11 8 10 7 12 10 11 15 15 15 9 4 10 5 11 5 7 4 9 10 7 9 9 10 17 9 12 10 10 14 11 7 14 7 13 9 8 12 16 11 12 8 16 6 13 8 6 2 10 9 11 7 15 1 9 7 9 11 8 12 12 6 10 16 21 6 5 11 21 16 8 5 10 14 10 12 9 6 13 13 11 11 7 11 15 7 11 11 14 11 8 6 6 5 15 14 11 5 8 11 12 9 8 16 8 5 9 10 8 14 10 9 3 12 13 18 6 4 9 14 11 14 7 8 2 17 17 12 5 12 7 9 10 5 11 7 10 6 15 7 5 12 10 8 10 15 10 5 11 11 12 10 8 6 12 11 9 9 11 11 10 4 13 10 6 5 10 15 8 11 12 11 4 14 10 13 9 13 9 13 12 12 10 11 21 17 11 10 16 13 9 7 13 9 6 4 8 10 9 6 15 8 8 14 9 15 18 7 7 5 8 13 8 6 10 10 13 14 10 6 8 7 9 12 9 12 8 13 7 9 9 13 11 7 8 10 12 13 10 12 12 8 8 6 8 16 10 12 8 7 6 4 15 11 15 10 18 9 9 10 8 10 13 11 9 8 11 12 13 8 9 13 9 10 7 13 5 14 8 9 7 5 15 11 8 11 15 10 8 14 4 13 17 15 9 5 11 7 13 16 11 9 5 12 5 9 8 5 11 7 14 10 9 4 18 11 12 5 12 12 5 13 17 10 13 12 8 9 11 6 12 7 9 16 8 5 8 10 14 14 12 7 9 13 18 11 11 6 10 6 10 17 11 9 15 7 10 8 8 7 11 6 8 8 14 10 8 9 11 12 8 9 9 8 5 12 9 10 12 8 13 11 19 9 10 11 3 9 16 12 7 5 7 13 8 10 9 10 11 8 7 8 11 9 10 17 7 13 12 15 11 15 17 6 9 12 9 10 5 8 13 13 19 15 10 7 9 12 13 13 10 12 5 11 7 5 5 7 8 6 17 12 12 8 9 10 9 9 15 10 9 5 14 4 6 9 13 10 7 13 15 6 5 7 13 9 10 9 11 12 5 9 14 5 12 12 10 12 10 13 15 9 12 5 11 12 10 6 11 17 10 8 9 10 10 18 4 16 12 14 15 9 5 7 15 10 10 7 16 11 15 12 16 13 11 11 8 7 12 11 8 9 9 8 16 16 8 8 10 1 11 13 15 6 17 2 8 9 7 11 13 7 13 9 12 6 17 11 8 6 13 13 7 10 13 6 13 10 10 5 6 10 10 4 13 11 5 8 15 8 8 11 8 14 8 7 12 8 13 9 11 7 3 7 10 18 15 11 6 10 11 15 8 10 10 10 14 4 5 7 12 16 9 11 10 10 9 13 13 10 12 12 13 12 8 6 14 9 12 8 9 7 11 10 11 10 8 5 8 8 10 13 10 13 15 6 14 8 6 14 8 9 12 17 9 10 13 8 11 11 11 2 9 9 12 10 11 13 10 12 8 9 2 10 12 10 12 11 16 13 10 8 10 8 14 14 9 4 12 6 7 9 9 4 9 9 7 11 15 10 5 16 13 12 7 14 12 12 12 9 15 7 10 13 6 12 7 8 7 12 10 13 7 13 11 15 8 19 15 9 10 12 5 9 13 12 9 14 14 12 8 9 8 12 7 7 10 16 7 9 11 4 11 12 13 9 6 14 14 11 5 11 12 7 10 13 16 8 9 9 10 12 7 13 11 8 9 12 9 8 16 9 13 16 6 11 12 9 12 10 8 10 15 18 10 10 7 15 7 6 12 5 9 8 7 14 13 12 5 11 13 8 12 7 17 11 9 9 11 10 8 8 15 15 6 9 7 10 7 12 8 6 7 14 11 9 5 7 9 6 7 10 7 10 11 5 10 11 7 6 6 11 6 9 8 12 7 5 11 9 15 4 12 12 11 12 7 9 20 9 11 16 10 9 11 8 13 11 2 7 11 8 11 11 11 12 8 10 10 10 14 14 11 16 6 6 9 5 19 9 9 3 16 6 10 12 7 7 13 11 15 9 14 6 15 17 6 12 12 3 11 11 12 7 7 12 15 8 7 11 9 8 9 17 9 21 10 10 9 8 8 15 12 12 9 11 10 8 9 12 5 13 9 9 9 7 13 10 6 8 7 10 11 16 9 11 10 12 9 5 10 11 7 9 5 11 4 9 11 7 13 7 12 10 7 13 15 9 6 5 4 8 13 5 16 17 8 11 6 7 5 7 11 10 11 10 4 10 13 9 7 15 8 9 6 14 7 13 10 9 9 18 10 13 4 4 8 10 7 7 9 13 8 9 9 7 9 5 19 13 9 9 12 9 10 7 11 14 11 14 10 9 10 13 10 6 16 14 12 15 9 14 9 11 15 10 8 5 14 6 11 9 13 6 5 8 11 5 10 6 13 10 9 7 8 10 12 9 14 8 10 10 16 12 7 13 8 9 16 8 6 5 11 8 8 10 15 7 8 8 12 13 7 7 10 10 7 14 13 9 13 11 13 10 11 5 8 5 5 9 10 12 14 10 9 13 4 14 3 13 4 9 8 5 13 9 8 7 9 12 6 11 18 17 17 9 13]

PoPs per Tier-1 (out of 1500)
[324 287 136 164 203 366 217 313 204 256 168 280 583 206 623]

Tier-1s per PoP (out of 15)
[1 3 3 0 4 3 4 3 6 6 3 4 3 4 4 4 4 4 4 4 3 5 0 3 1 5 1 5 0 5 5 1 4 0 1 3 4 4 3 1 6 0 6 3 4 6 3 0 4 1 1 2 5 4 3 4 5 0 5 3 0 1 2 0 3 2 3 3 1 1 4 0 5 4 4 3 0 2 3 0 0 4 4 4 4 5 0 0 0 2 2 4 2 3 4 4 5 0 3 0 3 3 4 1 5 3 3 0 4 3 2 4 0 3 0 4 4 0 4 1 3 4 6 0 3 1 4 0 3 3 5 2 5 0 3 0 4 4 1 5 3 0 4 3 3 3 3 4 1 0 0 2 3 4 6 3 5 3 3 4 3 3 3 2 5 2 0 4 1 5 4 5 6 0 2 0 4 1 3 3 4 6 6 6 2 3 3 3 5 1 0 6 4 4 4 0 4 5 1 4 1 3 4 4 4 5 4 6 5 4 4 5 1 5 2 2 0 2 4 0 2 3 1 6 3 5 3 4 5 0 3 1 5 2 4 5 4 0 3 3 0 2 4 4 1 5 4 1 3 0 3 4 0 3 6 6 1 2 5 1 6 4 4 3 2 5 2 5 2 4 2 2 5 6 1 5 3 5 4 1 4 1 4 0 0 5 1 0 4 6 2 0 0 4 2 7 3 4 3 3 4 2 0 0 5 5 1 4 4 1 6 5 0 4 4 4 5 2 7 4 0 3 1 3 5 1 3 1 0 4 0 3 4 2 6 4 2 4 4 4 0 1 3 3 4 3 0 2 0 3 3 4 0 0 3 0 4 1 4 1 2 6 4 4 0 4 3 4 3 3 2 5 0 0 4 3 4 5 4 6 3 3 4 4 7 4 3 5 4 4 3 6 0 5 4 5 4 4 4 5 5 3 3 0 5 2 5 0 0 4 1 1 5 4 5 3 5 6 0 3 2 5 2 5 5 4 2 0 4 4 0 6 0 4 1 5 5 1 1 3 4 3 3 0 4 2 0 2 1 3 4 3 0 4 3 2 5 1 3 3 5 4 4 5 3 5 2 3 3 5 5 2 0 0 5 4 1 5 2 4 3 1 5 0 3 0 0 4 1 3 5 5 1 3 6 2 3 5 1 4 3 4 3 3 2 3 5 2 3 1 4 3 4 3 3 5 3 5 0 3 1 1 4 4 3 0 7 2 4 4 4 3 5 4 3 6 5 6 2 4 0 2 4 3 3 5 0 0 0 0 4 0 0 2 4 2 0 2 6 2 0 0 3 4 4 1 4 4 4 5 5 3 5 5 0 3 3 4 3 4 0 3 6 3 1 1 2 1 1 4 3 6 4 3 3 3 6 4 4 3 2 3 0 0 2 3 0 5 4 4 4 0 5 5 6 5 5 1 1 0 4 2 3 3 0 1 3 2 5 0 1 0 3 3 3 4 1 4 3 2 0 4 5 0 3 4 5 2 3 6 0 0 5 0 2 0 5 3 3 3 5 2 2 5 4 3 0 2 1 4 0 3 1 3 4 4 1 6 4 3 4 4 3 4 4 2 4 0 3 4 4 5 2 5 0 1 3 6 3 4 5 3 5 2 2 4 4 2 6 5 3 0 4 5 0 0 5 1 3 4 3 4 5 4 4 3 3 3 4 0 3 4 3 5 0 4 4 3 4 0 1 4 6 3 1 0 0 3 4 1 1 4 3 3 0 5 4 2 4 0 0 4 6 6 6 2 2 3 5 1 1 0 3 0 3 4 5 0 5 4 2 3 4 3 6 0 6 1 2 5 0 3 3 6 3 5 0 3 3 3 3 5 0 4 3 0 0 4 3 6 3 5 1 2 0 0 6 6 3 1 3 4 4 0 3 5 3 5 4 3 6 3 4 2 4 1 5 2 0 1 0 2 5 0 3 3 5 1 3 2 5 0 5 6 4 0 0 5 4 2 7 4 1 2 1 5 2 6 0 5 0 6 2 4 5 0 1 6 5 4 4 0 5 1 5 5 3 1 5 0 4 3 4 4 0 5 0 1 5 2 0 0 4 6 4 0 4 3 5 4 3 4 1 2 4 0 3 5 4 2 0 4 4 1 4 0 2 0 0 2 4 1 5 4 3 3 3 5 5 6 2 1 0 3 5 5 3 3 4 0 3 3 0 0 5 1 3 4 1 1 6 4 1 0 4 6 0 0 0 5 1 4 0 3 0 2 1 1 3 5 0 0 4 4 3 4 1 2 2 3 5 0 2 0 3 4 4 4 5 4 2 4 6 4 5 4 4 2 4 0 4 1 3 4 1 5 1 6 4 3 3 2 6 0 0 4 3 5 7 5 2 3 3 3 4 2 2 2 4 1 3 5 4 5 5 6 3 0 1 4 3 3 4 2 0 0 4 0 2 6 3 0 2 1 4 3 4 5 5 0 6 2 4 4 5 4 4 4 3 1 5 0 2 0 3 3 4 2 0 6 2 4 4 4 0 0 5 3 0 5 0 6 3 4 4 2 6 0 4 2 0 4 3 5 3 2 0 1 3 4 5 1 0 6 0 3 5 5 3 6 3 2 4 3 3 5 3 2 5 0 2 5 7 3 3 1 3 1 0 6 5 5 1 3 4 4 0 4 2 0 0 4 2 2 0 4 5 0 4 0 2 6 4 3 5 0 3 3 1 2 0 3 3 1 4 1 2 5 3 3 4 4 0 0 3 6 3 2 4 5 4 0 2 5 5 5 0 4 4 0 4 4 4 4 4 2 3 2 4 2 3 6 3 3 0 4 2 3 4 0 3 3 2 4 5 6 4 5 0 1 0 4 1 5 0 6 5 1 3 4 1 0 5 5 4 4 0 1 2 0 0 1 0 6 2 4 1 5 5 4 3 3 4 4 4 1 4 0 6 5 0 3 0 1 2 4 1 3 3 3 3 5 0 3 5 4 1 4 2 3 5 4 3 5 1 6 4 4 4 4 6 2 0 4 3 4 1 3 0 5 4 1 0 0 3 1 3 0 7 6 2 3 4 0 0 6 3 4 5 3 2 5 3 5 3 0 3 0 1 3 1 1 0 5 5 4 4 7 1 0 4 1 1 0 6 1 2 0 3 1 3 5 4 4 6 4 1 4 0 0 3 2 1 4 0 3 0 3 0 4 3 2 6 1 0 3 0 2 3 6 3 5 3 3 4 5 1 5 0 2 5 5 3 2 4 5 2 4 5 4 3 0 6 4 1 0 3 6 0 3 0 3 0 1 5 4 1 4 5 3 2 5 0 4 5 0 3 3 3 4 1 0 0 4 4 5 3 3 3 0 6 5 4 3 6 0 3 0 0 0 3 0 0 0 0 6 0 1 5 3 0 5 5 5 5 3 5 6 4 1 0 1 4 0 1 4 2 3 3 4]

PoPs per Stub (out of 1500)
[1 1 1 1 1 1 1 1 1 1 1 1 1 1 1 1 1 2 1 1 1 1 1 1 1 1 1 1 1 1 1 1 1 1 1 1 1 1 1 1 1 1 1 1 1 1 2 1 1 1 1 1 1 1 1 1 1 1 1 1 1 1 1 1 1 1 1 1 1 1 1 1 1 1 1 1 1 1 1 1 1 1 1 1 1 1 3 1 2 2 1 1 1 1 1 1 2 1 2 1 1 1 2 3 2 1 2 1 1 2 1 2 2 1 1 2 1 1 1 2 2 1 2 1 1 3 2 1 2 3 2 2 1 1 1 4 1 3 1 1 2 2 1 2 1 2 1 2 2 1 1 1 1 2 2 1 1 1 2 1 2 1 2 1 2 2 1 1 2 1 2 1 1 1 1 1 2 2 2 1 1 2 2 1 1 3 2 1 2 2 1 2 1 2 2 2 1 1 1 2 1 2 1 1 2 1 1 1 1 1 2 2 1 3 2 1 1 2 1 1 1 1 2 1 2 1 2 1 3 2 1 2 2 1 1 1 1 1 1 3 1 2 1 3 1 1 1 1 3 1 2 1 2 2 1 2 2 1 1 1 1 1 1 1 2 1 1 3 1 1 1 2 1 1 1 1 3 2 1 1 2 1 1 2 2 1 2 1 1 1 1 1 1 2 1 1 1 1 1 2 1 2 1 1 1 1 2 1 2 1 2 1 1 1 2 1 1 3 1 1 1 1 2 1 1 1 1 1 1 2 2 1 2 1 3 2 1 1 1 1 1 2 1 1 1 1 4 3 2 1 1 2 1 1 1 1 2 2 1 1 1 2 2 2 1 1 1 1 1 2 1 1 1 1 2 2 1 1 1 2 3 1 1 2 1 1 1 3 1 1 1 1 1 1 2 1 1 2 1 1 1 1 1 2 2 1 1 2 1 2 1 1 1 2 1 1 2 1 3 3 1 1 2 1 1 1 1 1 1 1 2 1 1 1 1 1 3 3 2 2 1 2 1 3 1 2 2 2 4 2 1 1 1 1 1 1 1 2 2 1 2 1 1 1 1 1 1 2 1 1 2 1 2 1 2 3 1 1 1 1 2 1 2 2 1 1 1 1 1 1 1 1 2 1 1 1 2 2 1 1 1 2 2 1 2 1 3 4 3 4 3 1 1 1 1 2 1 2 1 2 2 3 1 2 1 2 1 2 2 3 2 1 2 2 2 1 1 1 1 1 2 1 1 1 1 1 1 2 1 1 2 1 2 1 1 2 1 2 4 2 3 1 1 1 2 2 2 2 3 1 2 1 1 2 2 1 2 1 1 1 1 2 1 1 2 2 1 2 2 1 1 2 2 1 4 1 1 2 1 1 4 1 1 1 2 3 1 1 3 1 1 1 1 1 2 2 2 2 2 1 1 1 1 1 1 1 1 1 1 1 1 2 2 1 1 1 1 1 1 1 1 1 1 1 1 1 2 1 1 2 2 3 1 1 1 1 2 4 2 2 2 1 3 3 1 1 1 1 1 1 1 2 1 1 1 3 1 1 2 2 1 1 1 3 1 2 1 1 1 2 1 1 2 2 3 1 1 1 1 1 4 1 2 1 1 2 2 2 1 1 1 1 1 1 1 1 2 1 1 2 3 2 1 1 1 2 1 1 2 1 1 1 1 4 1 2 1 1 1 1 1 2 2 1 1 1 1 2 1 2 1 1 1 2 3 1 1 5 1 1 1 1 1 2 1 1 1 2 2 1 3 1 2 1 1 2 1 2 1 1 2 1 2 1 2 1 3 2 1 3 1 2 2 2 1 2 1 1 2 2 2 1 1 1 1 3 2 2 3 3 1 2 3 1 2 3 1 1 2 1 2 1 2 1 2 1 2 1 1 1 2 1 2 1 1 3 1 2 2 1 1 1 1 1 1 1 1 1 1 2 1 2 1 1 1 2 1 2 1 1 1 2 1 4 2 1]

Stubs per PoP (out of 866)
[1 2 1 1 2 3 2 1 1 2 2 1 0 2 0 2 2 1 0 1 1 1 2 0 2 1 1 1 0 1 2 2 1 1 3 0 3 0 0 2 3 2 1 1 0 2 1 2 0 3 2 0 1 0 3 1 1 2 1 1 3 1 2 0 1 0 1 1 1 2 3 2 0 0 3 2 3 2 2 1 1 0 1 2 0 3 0 3 2 0 0 0 1 0 1 1 1 1 1 0 1 2 0 2 2 2 2 1 1 1 2 1 1 1 0 1 1 1 0 2 1 1 0 3 1 3 2 2 2 2 1 1 2 1 0 1 2 1 2 1 1 2 0 2 2 0 1 2 0 1 2 1 2 0 2 2 0 1 2 2 1 1 0 1 1 2 0 2 2 1 1 1 1 0 1 0 0 2 3 2 1 2 0 4 1 2 2 1 1 1 0 2 1 1 0 0 0 2 1 0 1 1 1 1 1 1 0 1 0 2 1 2 1 1 1 0 2 1 1 1 0 1 1 0 1 1 2 0 1 1 0 2 1 1 1 1 1 1 0 2 1 1 0 0 1 2 1 0 0 1 3 0 1 2 0 1 1 2 2 0 1 0 1 0 0 0 1 1 3 1 0 0 3 1 1 0 0 0 1 1 1 2 0 1 1 1 2 0 1 1 0 1 0 1 0 0 2 1 0 0 0 1 1 1 2 0 0 1 1 1 1 0 0 0 1 1 1 1 1 1 0 0 2 1 2 0 1 1 1 1 1 1 1 1 1 0 1 2 1 0 1 0 1 1 1 0 2 2 0 2 1 1 1 1 1 1 2 2 0 0 0 0 1 0 1 0 1 0 2 1 0 0 1 1 0 1 0 1 2 2 1 0 0 1 1 1 1 0 2 1 0 0 1 2 1 1 2 1 0 1 0 0 1 1 0 1 0 1 1 1 2 0 1 0 1 1 1 1 2 0 0 1 1 0 0 1 0 1 1 1 0 1 1 1 2 0 1 1 0 1 1 1 1 1 0 0 1 1 1 1 0 0 0 1 1 0 0 1 3 1 0 1 0 0 1 0 0 0 1 1 0 0 0 1 1 1 1 0 1 1 1 1 2 1 2 0 1 0 1 0 2 0 1 1 1 2 1 1 0 0 0 0 1 1 1 1 1 0 1 1 0 2 1 1 0 0 1 1 1 0 1 0 0 1 2 1 1 1 1 0 1 2 2 1 0 1 1 1 1 2 0 2 1 0 1 1 1 1 1 1 0 0 0 0 0 0 1 0 1 0 0 1 1 1 0 1 1 0 1 1 1 2 1 0 1 0 1 1 0 1 1 1 0 1 0 0 1 1 0 1 1 1 2 1 0 0 1 1 0 0 1 1 0 1 1 1 2 1 0 2 0 1 1 1 1 0 1 1 1 1 1 0 1 2 1 2 1 1 2 0 2 1 1 1 1 1 1 0 2 1 0 1 0 0 1 0 1 0 1 0 0 4 1 0 0 1 0 0 1 1 2 0 1 1 0 0 1 1 0 0 1 0 0 0 1 0 1 0 0 0 1 1 1 0 0 0 2 0 2 2 1 1 1 1 0 0 1 0 2 0 0 1 1 0 0 1 1 2 2 0 0 0 1 1 1 0 0 2 0 0 0 2 1 0 1 2 1 1 1 0 1 0 1 3 0 1 1 1 0 1 1 1 1 1 0 0 0 2 1 0 1 2 1 0 1 0 1 0 1 1 0 1 2 2 1 0 1 0 1 2 0 1 0 0 2 1 2 1 1 1 0 0 2 1 0 0 1 0 1 0 0 1 1 0 2 3 1 1 0 1 1 1 0 1 0 1 0 1 1 1 0 1 1 0 1 1 0 1 0 0 0 2 1 1 0 1 1 0 2 0 1 1 0 1 0 1 2 0 0 0 0 1 3 0 0 0 0 1 0 1 2 0 2 2 0 2 0 1 1 1 0 0 1 1 1 1 2 2 0 0 1 1 1 0 0 1 1 1 1 0 0 1 1 2 1 0 0 1 1 0 2 0 1 1 2 0 1 2 0 0 2 0 1 1 1 0 1 0 1 1 0 1 1 0 1 1 2 2 1 1 1 0 1 0 1 0 1 1 0 1 2 0 1 1 0 1 0 1 1 2 2 1 1 0 0 1 0 1 0 0 0 1 1 0 2 0 0 0 1 2 2 1 2 4 1 0 3 2 1 0 1 0 1 1 0 1 1 1 0 0 1 0 0 2 1 2 0 2 1 0 0 1 2 0 1 1 0 1 1 2 1 2 0 0 0 0 0 0 0 1 0 1 0 0 2 0 0 1 2 1 0 0 1 1 1 0 0 1 0 1 1 1 1 0 0 1 1 0 1 1 0 1 1 2 0 2 1 0 0 1 1 0 1 0 0 1 0 2 1 2 1 1 1 1 1 0 1 0 2 2 2 0 2 1 0 1 1 1 0 1 2 1 0 0 0 0 0 0 0 0 2 1 2 1 2 0 0 1 0 1 0 1 0 1 2 1 2 1 0 0 1 0 1 1 0 2 1 1 1 1 2 0 0 1 1 1 1 1 2 1 0 0 1 0 1 1 1 0 0 1 0 0 1 0 2 1 1 2 0 2 1 1 2 1 1 1 2 1 0 1 1 1 3 0 2 1 0 0 1 1 0 1 1 1 0 0 1 0 0 1 1 2 2 0 0 0 0 0 0 2 0 2 1 1 0 1 1 0 0 0 1 0 0 1 0 1 0 0 1 1 1 1 1 1 1 0 0 2 0 2 0 0 1 0 1 1 1 1 1 0 0 1 1 0 0 1 0 1 1 1 0 1 0 1 0 0 2 0 1 1 0 1 2 1 1 1 1 1 2 0 4 0 1 0 2 2 0 1 2 0 0 2 0 1 1 1 1 1 1 1 0 0 0 0 1 0 1 0 0 1 0 1 1 0 0 0 3 0 0 0 0 1 1 0 1 2 1 1 1 0 1 0 1 0 0 2 1 1 1 1 0 0 1 1 1 1 2 1 0 1 1 2 0 2 0 0 2 0 0 1 0 1 1 0 1 1 0 4 0 0 0 0 0 1 2 0 0 0 0 1 1 0 0 0 2 1 2 1 0 1 1 0 0 0 0 0 1 1 1 1 1 1 1 0 0 0 0 1 0 0 1 0 2 2 0 1 0 0 0 0 1 1 1 1 2 0 1 1 0 0 0 2 1 0 0 0 1 1 1 0 1 0 3 1 2 1 1 1 0 0 0 0 0 1 0 0 1 0 0 1 1 2 0 2 1 0 0 1 1 1 0 0 0 1 0 2 1 0 1 1 1 0 1 2 2 1 1 0 1 1 3 1 1 1 1 1 0 3 0 0 0 1 2 1 1 0 1 1 1 1 1 0 0 0 1 1 0 0 0 0]
